21.107678 516 18 1436206170730
22.675404 499 33 1436206170740
23.601524 480 47 1436206170750
25.471308 462 65 1436206170761
18.837224 445 73 1436206170770
21.973062 426 84 1436206170781
19.209560 411 96 1436206170791
15.297160 397 102 1436206170801
19.264603 385 117 1436206170812
18.601876 370 128 1436206170821
12.743386 361 137 1436206170832
14.157600 351 147 1436206170841
7.870658 348 154 1436206170851
7.811385 342 159 1436206170862
2.435078 341 161 1436206170872
5.000308 337 164 1436206170883
4.981108 337 164 1436206170893
5.981108 337 165 1436206170903
2.436978 335 165 1436206170913
5.981108 335 166 1436206170923
1.429678 334 167 1436206170933
4.981108 334 167 1436206170939
2.275033 332 168 1436206170953
2.435078 331 170 1436206170964
5.981108 331 171 1436206170973
1.436978 330 171 1436206170983
2.435078 329 173 1436206170994
2.275033 327 174 1436206171003
1.436978 326 174 1436206171014
5.981108 326 175 1436206171026
4.981108 326 175 1436206171034
1.436978 325 175 1436206171045
1.436978 324 175 1436206171055
7.981108 324 178 1436206171065
6.403312 319 182 1436206171075
1.436978 318 182 1436206171084
1.429678 317 183 1436206171095
2.435078 316 185 1436206171105
1.436978 315 185 1436206171115
6.981108 315 187 1436206171125
5.672318 311 191 1436206171149
1.436978 310 191 1436206171156
2.843891 308 193 1436206171167
2.435078 307 195 1436206171176
2.435078 306 197 1436206171192
1.429678 305 198 1436206171196
2.436978 303 198 1436206171206
5.981108 303 199 1436206171217
2.435078 302 201 1436206171227
5.981108 302 202 1436206171236
1.429678 301 203 1436206171247
5.981108 301 204 1436206171257
1.436978 300 204 1436206171268
1.429678 299 205 1436206171277
7.981108 299 208 1436206171287
4.981108 299 208 1436206171298
1.429678 298 209 1436206171308
5.981108 298 210 1436206171319
1.429678 297 211 1436206171329
5.981108 297 212 1436206171338
8.981108 297 216 1436206171359
2.435078 296 218 1436206171370
4.981108 296 218 1436206171379
6.981108 296 220 1436206171388
1.429678 295 221 1436206171410
4.981108 295 221 1436206171420
4.981108 295 221 1436206171430
3.508025 294 224 1436206171439
2.275033 292 225 1436206171450
5.981108 292 226 1436206171460
5.981108 292 227 1436206171469
5.606473 291 232 1436206171765
3.508025 290 235 1436206171774
7.981108 290 238 1436206171784
10.981108 290 244 1436206171795
2.435078 289 246 1436206171805
4.565031 288 250 1436206171816
3.508025 287 253 1436206171825
7.981108 287 256 1436206171835
4.565031 286 260 1436206171856
5.981108 286 261 1436206171866
4.981108 286 261 1436206171886
5.981108 286 262 1436206171896
4.981108 286 262 1436206171917
5.981108 286 263 1436206171926
5.981108 286 264 1436206171936
5.981108 286 265 1436206171947
4.981108 286 265 1436206171956
1.436978 287 265 1436206172038
4.981108 287 265 1436206172048
1.827651 287 264 1436206172058
2.436978 289 264 1436206172068
1.436978 290 264 1436206172078
4.981108 290 264 1436206172088
1.436978 291 264 1436206172099
3.436978 294 264 1436206172109
2.843891 296 262 1436206172119
2.436978 298 262 1436206172129
2.436978 300 262 1436206172139
4.436978 304 262 1436206172149
3.436978 307 262 1436206172160
2.275033 309 261 1436206172170
3.436978 312 261 1436206172180
5.000308 316 258 1436206172189
6.328674 322 257 1436206172210
4.511101 326 255 1436206172221
4.943981 330 256 1436206172231
3.436978 333 256 1436206172240
3.436978 336 256 1436206172251
5.313989 341 255 1436206172260
2.436978 343 255 1436206172272
3.436978 346 255 1436206172281
3.436978 349 255 1436206172291
4.511101 353 253 1436206172312
1.436978 354 253 1436206172323
3.436978 357 253 1436206172332
1.436978 358 253 1436206172342
2.436978 360 253 1436206172353
3.436978 363 253 1436206172363
4.258105 366 250 1436206172373
3.436978 369 250 1436206172383
3.500997 371 251 1436206172393
3.436978 374 251 1436206172403
3.277397 377 250 1436206172413
1.429678 378 249 1436206172422
3.436978 381 249 1436206172433
4.981108 381 249 1436206172443
1.436978 382 249 1436206172454
3.436978 385 249 1436206172463
4.981108 385 249 1436206172473
3.436978 388 249 1436206172484
4.981108 388 249 1436206172505
1.436978 389 249 1436206172514
1.436978 390 249 1436206172524
4.981108 390 249 1436206172535
1.436978 391 249 1436206172544
4.981108 391 249 1436206172556
1.436978 392 249 1436206172565
4.981108 392 249 1436206172575
3.506406 393 250 1436206172585
2.436978 395 250 1436206172595
4.981108 395 250 1436206172606
3.506406 396 251 1436206172615
2.436978 398 251 1436206172626
15.810997 405 262 1436206172636
1.436978 406 262 1436206172645
3.436978 409 262 1436206172656
2.436978 411 262 1436206172666
1.436978 412 262 1436206172676
5.436978 417 262 1436206172686
3.436978 420 262 1436206172696
3.436978 423 262 1436206172708
3.436978 426 262 1436206172717
6.469990 431 264 1436206172727
8.436978 439 264 1436206172748
5.436978 444 264 1436206172758
7.436978 451 264 1436206172767
5.436978 456 264 1436206172778
6.765355 462 265 1436206172788
8.162475 469 267 1436206172798
6.436978 475 267 1436206172809
8.751990 482 270 1436206172818
6.765355 488 271 1436206172829
6.765355 494 272 1436206172839
7.436978 501 272 1436206172848
3.506406 502 273 1436206172859
6.436978 508 273 1436206173143
4.511101 512 271 1436206173154
9.358310 521 270 1436206173163
6.439675 527 268 1436206173173
8.082393 534 264 1436206173183
10.849031 544 260 1436206173193
9.907819 553 256 1436206173204
10.413008 563 254 1436206173213
8.419321 571 252 1436206173225
5.313989 576 251 1436206173234
7.216437 582 247 1436206173244
4.436978 586 247 1436206173254
7.436978 593 247 1436206173264
4.296215 597 246 1436206173275
3.436978 600 246 1436206173284
3.436978 603 246 1436206173294
3.436978 606 246 1436206173305
3.436978 609 246 1436206173315
3.277397 612 245 1436206173326
4.981108 612 245 1436206173335
1.436978 613 245 1436206173346
4.981108 613 245 1436206173356
4.981108 613 245 1436206173365
4.981108 613 245 1436206173407
4.981108 613 245 1436206173447
6.981108 613 247 1436206173457
4.981108 613 247 1436206173467
6.981108 613 249 1436206173477
6.981108 613 251 1436206173487
4.981108 613 251 1436206173497
7.981108 613 254 1436206173508
5.981108 613 255 1436206173517
4.981108 613 255 1436206173529
6.981108 613 257 1436206173538
5.981108 613 258 1436206173548
1.436978 612 258 1436206173559
3.436978 609 258 1436206173568
6.981108 609 260 1436206173579
1.436978 608 260 1436206173589
2.436978 606 260 1436206173598
2.275033 604 261 1436206173610
1.436978 603 261 1436206173619
3.436978 600 261 1436206173630
2.436978 598 261 1436206173639
2.436978 596 261 1436206173649
8.679108 588 260 1436206173670
2.827651 588 258 1436206173680
3.436978 585 258 1436206173690
5.165667 582 256 1436206173700
1.436978 581 256 1436206173725
1.436978 582 256 1436206173781
1.436978 583 256 1436206173791
5.981108 583 257 1436206173801
5.737065 587 259 1436206173812
6.307751 589 262 1436206173821
5.737065 593 264 1436206173832
4.436978 597 264 1436206173842
2.436978 599 264 1436206173852
3.436978 602 264 1436206173862
6.436978 608 264 1436206173872
4.296215 612 263 1436206173883
8.436978 620 263 1436206173893
4.511101 624 261 1436206173902
8.419321 632 259 1436206173923
5.672318 636 255 1436206173934
1.429678 637 254 1436206173943
3.610886 640 252 1436206173953
4.981108 640 252 1436206173964
4.981108 640 252 1436206173974
4.981108 640 252 1436206174025
3.436978 637 252 1436206174035
4.436978 633 252 1436206174045
2.436978 631 252 1436206174056
3.436978 628 252 1436206174065
3.436978 625 252 1436206174075
4.296215 621 253 1436206174086
4.436978 617 253 1436206174095
3.277397 614 254 1436206174105
5.463866 609 256 1436206174116
3.436978 606 256 1436206174127
3.436978 603 256 1436206174137
1.436978 602 256 1436206174146
4.981108 602 256 1436206174156
1.436978 601 256 1436206174167
4.981108 601 256 1436206174207
4.981108 601 256 1436206174218
2.435078 600 258 1436206174227
4.981108 600 258 1436206174237
4.981108 600 258 1436206174248
7.981108 600 261 1436206174257
4.981108 600 261 1436206174268
6.981108 600 263 1436206174278
4.981108 600 263 1436206174288
5.981108 600 264 1436206174298
4.981108 600 264 1436206174308
7.981108 600 267 1436206174319
5.981108 600 268 1436206174329
3.506406 601 269 1436206174338
5.981108 601 270 1436206174349
3.506406 602 271 1436206174359
4.920620 604 273 1436206174370
4.981108 604 273 1436206174379
4.920620 606 275 1436206174389
4.981108 606 275 1436206174400
1.436978 607 275 1436206174410
4.920620 609 277 1436206174420
4.981108 609 277 1436206174430
4.128161 612 278 1436206174440
4.981108 612 278 1436206174450
3.506406 613 279 1436206174460
4.981108 613 279 1436206174471
2.436978 615 279 1436206174481
1.436978 616 279 1436206174490
4.128161 619 280 1436206174501
3.506406 620 281 1436206174511
2.436978 622 281 1436206174522
1.436978 623 281 1436206174531
2.436978 625 281 1436206174541
1.436978 626 281 1436206174552
1.436978 627 281 1436206174562
2.436978 629 281 1436206174572
5.981108 629 282 1436206174592
4.981108 629 282 1436206174603
4.981108 629 282 1436206174612
5.981108 629 283 1436206174623
2.436978 627 283 1436206174633
3.436978 624 283 1436206174643
4.436978 620 283 1436206174653
6.436978 614 283 1436206174663
8.436978 606 283 1436206174674
7.436978 599 283 1436206174684
9.436978 590 283 1436206174693
10.934956 580 281 1436206174704
11.887447 569 279 1436206174714
9.650907 560 278 1436206174723
13.190192 548 275 1436206174734
12.436978 536 275 1436206174744
17.436978 519 275 1436206174755
16.389571 503 276 1436206174764
17.649108 486 280 1436206174775
17.179376 470 286 1436206174785
13.379778 457 287 1436206174795
10.849031 447 291 1436206174805
6.403312 442 295 1436206174815
11.716275 441 306 1436206174825
11.676454 431 312 1436206175076
4.436978 427 312 1436206175079
2.436978 425 312 1436206175088
1.429678 424 313 1436206175099
3.436978 421 313 1436206175109
1.436978 420 313 1436206175120
4.128161 417 312 1436206175129
2.275033 415 313 1436206175139
2.436978 413 313 1436206175150
3.436978 410 313 1436206175160
3.436978 407 313 1436206175172
7.340580 400 314 1436206175216
5.981108 400 315 1436206175222
1.429678 399 316 1436206175231
3.436978 396 316 1436206175241
4.981108 396 316 1436206175251
1.429678 395 317 1436206175261
5.845502 390 320 1436206175272
2.435078 389 322 1436206175282
3.508025 388 325 1436206175291
6.981108 388 327 1436206175302
4.981108 388 327 1436206175313
4.981108 388 327 1436206175363
5.362571 389 329 1436206175372
9.237982 390 334 1436206175383
9.237982 391 339 1436206175393
7.981108 391 342 1436206175403
12.503749 392 350 1436206175414
6.810717 393 353 1436206175424
6.981108 393 355 1436206175435
4.981108 393 355 1436206175444
7.981108 393 358 1436206175454
8.686138 388 365 1436206175473
5.672318 384 369 1436206175474
6.458355 380 374 1436206175485
3.610886 377 376 1436206175494
1.436978 376 376 1436206175505
5.981108 376 377 1436206175515
4.981108 376 377 1436206175525
4.981108 376 377 1436206175555
9.981108 376 382 1436206175623
5.362571 377 384 1436206175627
4.920620 379 386 1436206175637
3.506406 380 387 1436206175647
6.307751 382 390 1436206175657
5.362571 383 392 1436206175668
6.307751 385 395 1436206175677
13.869155 392 404 1436206175688
10.353973 393 410 1436206175697
6.810717 394 413 1436206175707
1.436978 395 413 1436206175714
7.749047 399 417 1436206175728
4.981108 399 417 1436206175738
5.981108 399 418 1436206175748
7.981108 399 421 1436206175758
5.981108 399 422 1436206175768
6.981108 399 424 1436206175778
6.981108 399 426 1436206175789
6.981108 399 428 1436206175799
4.981108 399 428 1436206175809
7.981108 399 431 1436206175819
6.981108 399 433 1436206175829
1.436978 400 433 1436206175839
6.981108 400 435 1436206175849
8.981108 400 439 1436206175860
9.237982 401 444 1436206175870
6.334833 404 447 1436206175880
12.534196 412 454 1436206175890
5.737065 416 456 1436206175900
7.973133 422 459 1436206175910
8.771218 428 463 1436206175920
7.749047 432 467 1436206176194
6.334833 435 470 1436206176205
5.165667 438 472 1436206176215
6.469990 443 474 1436206176224
5.737065 447 476 1436206176235
4.920620 449 478 1436206176244
4.943981 453 479 1436206176256
5.981108 453 480 1436206176265
3.436978 456 480 1436206176275
5.981108 456 481 1436206176286
3.506406 457 482 1436206176295
5.981108 457 483 1436206176306
1.436978 458 483 1436206176316
3.506406 459 484 1436206176326
4.981108 459 484 1436206176337
4.981108 459 484 1436206176346
4.981108 459 484 1436206176357
4.981108 459 484 1436206176366
4.981108 459 484 1436206176376
6.810717 460 487 1436206176387
4.436978 464 487 1436206176397
4.981108 464 487 1436206176418
1.436978 465 487 1436206176428
4.981108 465 487 1436206176438
1.436978 466 487 1436206176448
4.981108 466 487 1436206176458
5.981108 466 488 1436206176468
4.981108 466 488 1436206176478
4.981108 466 488 1436206176488
4.981108 466 488 1436206176498
4.981108 466 488 1436206176509
4.981108 466 488 1436206176518
2.436978 464 488 1436206176528
4.296215 460 489 1436206176539
3.277397 457 490 1436206176549
4.436978 453 490 1436206176558
9.436978 444 490 1436206176579
6.436978 438 490 1436206176590
5.436978 433 490 1436206176599
5.436978 428 490 1436206176610
5.436978 423 490 1436206176620
5.436978 418 490 1436206176630
5.835937 413 489 1436206176642
4.436978 409 489 1436206176650
5.165667 406 487 1436206176660
4.436978 402 487 1436206176671
3.500997 400 486 1436206176680
3.436978 397 486 1436206176691
1.436978 396 486 1436206176701
3.436978 393 486 1436206176711
1.436978 392 486 1436206176721
1.436978 391 486 1436206176731
2.436978 389 486 1436206176742
1.436978 388 486 1436206176763
4.981108 388 486 1436206176772
1.429678 387 487 1436206176782
4.981108 387 487 1436206176792
4.981108 387 487 1436206176813
5.981108 387 488 1436206176823
5.981108 387 489 1436206176832
5.981108 387 490 1436206176843
2.843891 385 492 1436206176853
6.981108 385 494 1436206176863
3.508025 384 497 1436206176873
5.672318 380 501 1436206176883
6.981108 380 503 1436206176894
2.435078 379 505 1436206176903
3.508025 378 508 1436206176914
1.436978 377 508 1436206176924
2.436978 379 508 1436206177006
5.737065 383 510 1436206177032
5.362571 384 512 1436206177036
4.943981 388 513 1436206177046
6.701836 392 516 1436206177057
6.701836 396 519 1436206177065
5.737065 400 521 1436206177076
7.973133 406 524 1436206177086
6.765355 412 525 1436206177096
6.469990 417 527 1436206177106
6.469990 422 529 1436206177117
4.943981 426 530 1436206177127
10.244036 433 535 1436206177137
5.737065 437 537 1436206177148
3.436978 440 537 1436206177157
3.500997 442 538 1436206177167
5.981108 442 539 1436206177178
3.500997 444 540 1436206177187
4.981108 444 540 1436206177198
3.506406 445 541 1436206177208
4.128161 448 542 1436206177218
4.981108 448 542 1436206177228
4.920620 450 544 1436206177238
1.436978 451 544 1436206177259
5.981108 451 545 1436206177268
1.436978 452 545 1436206177279
4.981108 452 545 1436206177289
2.436978 454 545 1436206177299
1.436978 455 545 1436206177309
3.500997 457 546 1436206177319
4.981108 457 546 1436206177330
2.436978 459 546 1436206177339
4.981108 459 546 1436206177349
2.436978 461 546 1436206177360
3.506406 462 547 1436206177370
1.436978 463 547 1436206177381
4.981108 463 547 1436206177390
1.436978 464 547 1436206177401
1.436978 465 547 1436206177411
4.981108 465 547 1436206177421
4.981108 465 547 1436206177436
5.981108 465 548 1436206177444
4.981108 465 548 1436206177452
6.981108 465 550 1436206177461
6.981108 465 552 1436206177482
5.981108 465 553 1436206177492
5.981108 465 554 1436206177502
7.981108 465 557 1436206177513
3.508025 464 560 1436206177522
4.258105 461 563 1436206177532
10.981108 461 569 1436206177542
16.157135 456 584 1436206177553
7.660671 455 591 1436206177563
7.870658 452 598 1436206177572
3.508025 451 601 1436206177583
6.981108 451 603 1436206177593
10.953511 448 596 1436206177848
5.362571 447 594 1436206177857
9.913302 443 588 1436206177866
9.913302 439 582 1436206177877
11.701836 431 576 1436206177888
6.701836 427 573 1436206177897
7.749047 423 569 1436206177907
7.274464 418 566 1436206177917
8.187443 413 562 1436206177928
6.436978 407 562 1436206177938
9.648393 401 557 1436206177947
7.436978 394 557 1436206177958
8.751990 387 554 1436206177968
6.765355 381 553 1436206177979
5.737065 377 551 1436206177988
5.436978 372 551 1436206177998
7.274464 367 548 1436206178009
1.436978 366 548 1436206178019
3.436978 363 548 1436206178029
1.436978 362 548 1436206178051
1.436978 361 548 1436206178060
4.981108 361 548 1436206178069
4.981108 361 548 1436206178080
1.436978 360 548 1436206178090
1.429678 359 549 1436206178100
3.610886 356 551 1436206178110
2.843891 354 553 1436206178120
2.436978 352 553 1436206178131
3.436978 349 553 1436206178140
4.981108 349 553 1436206178150
1.429678 348 554 1436206178162
1.436978 347 554 1436206178171
4.981108 347 554 1436206178181
1.436978 346 554 1436206178191
5.981108 346 555 1436206178252
4.981108 346 555 1436206178284
6.981108 346 557 1436206178302
4.981108 346 557 1436206178314
6.981108 346 559 1436206178323
3.506406 347 560 1436206178333
5.362571 348 562 1436206178343
6.810717 349 565 1436206178353
4.981108 349 565 1436206178364
3.506406 350 566 1436206178374
4.981108 350 566 1436206178385
4.981108 350 566 1436206178425
5.981108 350 567 1436206178435
4.981108 350 567 1436206178445
5.981108 350 568 1436206178454
5.981108 350 569 1436206178466
5.981108 350 570 1436206178486
5.981108 350 571 1436206178495
4.981108 350 571 1436206178505
4.981108 350 571 1436206178516
1.436978 349 571 1436206178536
5.981108 349 572 1436206178546
5.981108 349 573 1436206178556
4.981108 349 573 1436206178562
4.565031 348 577 1436206178576
3.508025 347 580 1436206178587
5.672318 343 584 1436206178597
6.981108 343 586 1436206178606
1.429678 342 587 1436206178617
4.258105 339 590 1436206178627
2.435078 338 592 1436206178638
4.258105 335 595 1436206178647
2.435078 334 597 1436206178657
5.981108 334 598 1436206178668
1.429678 333 599 1436206178678
5.981108 333 600 1436206178688
4.981108 333 600 1436206178719
4.981108 333 600 1436206178749
3.500997 335 601 1436206178758
4.981108 335 601 1436206178770
4.436978 339 601 1436206178779
4.128161 342 602 1436206178790
3.436978 345 602 1436206178799
4.436978 349 602 1436206178809
5.313989 354 601 1436206178820
5.313989 359 600 1436206178830
6.328674 365 599 1436206178840
6.439675 371 597 1436206178850
4.436978 375 597 1436206178860
4.296215 379 596 1436206178871
1.429678 380 595 1436206178880
2.436978 382 595 1436206178891
1.429678 383 594 1436206178901
3.436978 386 594 1436206178910
4.981108 386 594 1436206178921
2.435078 387 592 1436206178931
2.436978 389 592 1436206178942
1.429678 390 591 1436206178951
2.436978 392 591 1436206178961
1.436978 393 591 1436206178972
4.296215 397 590 1436206178982
2.436978 399 590 1436206178992
3.436978 402 590 1436206179002
2.436978 404 590 1436206179012
3.436978 407 590 1436206179023
1.436978 408 590 1436206179032
4.128161 411 591 1436206179043
3.506406 412 592 1436206179053
5.981108 412 593 1436206179063
3.506406 413 594 1436206179073
2.436978 415 594 1436206179083
5.981108 415 595 1436206179094
4.981108 415 595 1436206179125
4.981108 415 595 1436206179155
4.436978 419 595 1436206179206
5.436978 424 595 1436206179215
3.436978 427 595 1436206179226
5.436978 432 595 1436206179235
4.436978 436 595 1436206179245
6.436978 442 595 1436206179256
5.436978 447 595 1436206179265
2.436978 449 595 1436206179276
3.436978 452 595 1436206179286
7.436978 459 595 1436206179296
1.436978 460 595 1436206179306
3.500997 462 596 1436206179316
1.436978 463 596 1436206179327
4.981108 463 596 1436206179337
4.981108 463 596 1436206179346
1.436978 464 596 1436206179357
4.981108 464 596 1436206179388
4.981108 464 596 1436206179397
4.981108 464 596 1436206179408
1.436978 465 596 1436206179418
5.981108 465 597 1436206179428
4.981108 465 597 1436206179438
4.981108 465 597 1436206179448
4.981108 465 597 1436206179459
4.981108 465 597 1436206179468
4.981108 465 597 1436206179479
5.981108 465 598 1436206179489
4.981108 465 598 1436206179499
5.981108 465 599 1436206179601
4.981108 465 599 1436206179611
4.981108 465 599 1436206179702
4.981108 465 599 1436206179732
3.610886 462 601 1436206179742
4.981108 462 601 1436206179752
4.296215 458 602 1436206179763
1.436978 457 602 1436206179773
4.436978 453 602 1436206179782
4.981108 453 602 1436206179793
5.313989 448 603 1436206179803
5.436978 443 603 1436206179813
3.436978 440 603 1436206179823
4.296215 436 604 1436206179834
5.436978 431 604 1436206179844
5.463866 426 606 1436206179853
4.436978 422 606 1436206179864
2.436978 420 606 1436206179875
3.436978 417 606 1436206179884
1.436978 416 606 1436206179894
3.500997 414 605 1436206179904
1.436978 413 605 1436206179915
4.981108 413 605 1436206179925
1.436978 412 605 1436206179945
4.920620 410 603 1436206179955
14.590568 400 595 1436206179966
3.500997 398 594 1436206179975
15.700698 389 584 1436206179985
11.013676 380 580 1436206179996
13.405901 372 572 1436206180006
10.921509 364 567 1436206180016
6.436978 358 567 1436206180027
5.737065 354 565 1436206180036
9.237982 353 560 1436206180047
4.943981 349 559 1436206180056
4.128161 346 558 1436206180067
1.827651 346 557 1436206180077
3.436978 343 557 1436206180086
1.827651 343 556 1436206180097
4.128161 340 555 1436206180107
4.981108 340 555 1436206180118
3.500997 338 554 1436206180127
1.436978 337 554 1436206180137
4.981108 337 554 1436206180144
6.469990 332 552 1436206180159
2.436978 330 552 1436206180169
5.165667 327 550 1436206180178
4.128161 324 549 1436206180188
3.500997 322 548 1436206180199
2.436978 320 548 1436206180208
4.981108 320 548 1436206180219
3.436978 317 548 1436206180229
4.981108 317 548 1436206180239
4.981108 317 548 1436206180249
3.610886 314 550 1436206180259
1.429678 313 551 1436206180270
1.429678 312 552 1436206180279
6.981108 312 554 1436206180289
2.435078 311 556 1436206180300
4.981108 311 556 1436206180310
4.981108 311 556 1436206180320
4.981108 311 556 1436206180330
4.981108 311 556 1436206180341
5.981108 311 557 1436206180360
4.981108 311 557 1436206180381
4.981108 311 557 1436206180392
4.981108 311 557 1436206180432
1.436978 310 557 1436206180463
4.981108 310 557 1436206180494
4.981108 310 557 1436206180503
4.296215 306 558 1436206180513
1.436978 305 558 1436206180523
2.436978 303 558 1436206180533
2.436978 301 558 1436206180543
3.277397 298 559 1436206180554
1.436978 297 559 1436206180563
4.981108 297 559 1436206180573
5.981108 297 560 1436206180580
4.981108 297 560 1436206180593
4.981108 297 560 1436206180635
4.981108 297 560 1436206180726
5.981108 297 561 1436206180736
6.981108 297 563 1436206180757
7.981108 297 566 1436206180766
1.436978 296 566 1436206180777
4.981108 296 566 1436206180787
6.981108 296 568 1436206180796
4.981108 296 568 1436206180807
4.128161 299 569 1436206180848
4.981108 299 569 1436206180858
3.436978 302 569 1436206180868
4.128161 305 570 1436206180877
2.436978 307 570 1436206180888
3.436978 310 570 1436206180898
4.128161 313 571 1436206180908
4.981108 313 571 1436206180918
1.436978 314 571 1436206180928
4.981108 314 571 1436206180959
4.981108 314 571 1436206180969
4.981108 314 571 1436206180979
4.981108 314 571 1436206180989
5.981108 314 572 1436206180999
4.981108 314 572 1436206181030
5.981108 314 573 1436206181040
1.436978 313 573 1436206181050
4.981108 313 573 1436206181060
4.258105 310 576 1436206181070
1.436978 309 576 1436206181080
2.435078 308 578 1436206181091
4.981108 308 578 1436206181101
1.436978 307 578 1436206181111
1.429678 306 579 1436206181121
4.981108 306 579 1436206181131
5.981108 306 580 1436206181141
1.436978 305 580 1436206181151
4.981108 305 580 1436206181162
5.981108 305 581 1436206181172
2.435078 304 583 1436206181182
1.429678 303 584 1436206181192
1.436978 302 584 1436206181203
6.981108 302 586 1436206181212
4.981108 302 586 1436206181218
1.436978 301 586 1436206181232
4.981108 301 586 1436206181264
4.981108 301 586 1436206181283
4.981108 301 586 1436206181304
4.981108 301 586 1436206181314
4.981108 301 586 1436206181320
1.436978 300 586 1436206181334
4.981108 300 586 1436206181355
4.981108 300 586 1436206181365
4.981108 300 586 1436206181375
1.436978 299 586 1436206181384
4.981108 299 586 1436206181408
4.981108 299 586 1436206181567
4.981108 299 586 1436206181598
4.981108 299 586 1436206181618
4.981108 299 586 1436206181628
5.981108 299 587 1436206181638
6.981108 299 589 1436206181690
4.981108 299 589 1436206181700
4.981108 299 589 1436206181710
1.436978 298 589 1436206181719
4.981108 298 589 1436206181730
1.436978 297 589 1436206181740
4.981108 297 589 1436206181751
4.981108 297 589 1436206181760
1.436978 296 589 1436206181770
4.981108 296 589 1436206181781
1.436978 295 589 1436206181791
3.506406 294 588 1436206181833
4.981108 294 588 1436206181841
4.981108 294 588 1436206181852
1.436978 293 588 1436206181871
4.981108 293 588 1436206181877
1.827651 293 587 1436206181892
4.981108 293 587 1436206181912
1.436978 292 587 1436206181923
4.981108 292 587 1436206181932
1.827651 292 586 1436206181953
1.436978 291 586 1436206181962
1.827651 291 585 1436206181983
4.981108 291 585 1436206181993
1.436978 290 585 1436206182002
1.827651 290 584 1436206182009
4.128161 287 583 1436206182023
1.436978 286 583 1436206182034
5.165667 283 581 1436206182044
3.436978 280 581 1436206182053
42.547076 244 561 1436206182112
6.810717 243 558 1436206182116
8.187443 238 554 1436206182124
5.827651 238 549 1436206182135
10.353973 237 543 1436206182145
11.199548 232 536 1436206182155
17.405366 227 523 1436206182165
5.827651 227 518 1436206182175
12.503749 226 510 1436206182186
2.827651 226 508 1436206182460
12.503749 225 500 1436206182470
15.390986 223 489 1436206182480
21.751679 222 472 1436206182490
19.436021 219 457 1436206182499
17.475978 217 444 1436206182510
17.361852 214 431 1436206182520
17.361852 211 418 1436206182531
7.598639 209 414 1436206182540
14.596028 208 404 1436206182551
6.827651 208 398 1436206182561
9.827651 208 389 1436206182571
7.827651 208 382 1436206182582
10.827651 208 372 1436206182591
5.827651 208 367 1436206182601
11.438927 207 360 1436206182622
5.362571 206 358 1436206182632
2.827651 206 356 1436206182642
4.827651 206 352 1436206182652
3.827651 206 349 1436206182663
3.827651 206 346 1436206182672
7.827651 206 339 1436206182683
4.827651 206 335 1436206182693
4.827651 206 331 1436206182703
2.827651 206 329 1436206182713
2.827651 206 327 1436206182723
3.827651 206 324 1436206182734
2.827651 206 322 1436206182743
2.435078 207 320 1436206182753
3.508025 208 317 1436206182764
4.671146 210 313 1436206182774
1.429678 211 312 1436206182785
3.827651 211 309 1436206182794
5.967359 214 304 1436206182804
4.981108 214 304 1436206182814
3.508025 215 301 1436206182824
1.827651 215 300 1436206182834
1.429678 216 299 1436206182844
3.610886 219 297 1436206182854
2.827651 219 295 1436206182865
3.277397 222 294 1436206182875
3.827651 222 291 1436206182885
3.436978 225 291 1436206182895
1.429678 226 290 1436206182905
4.981108 226 290 1436206182915
3.610886 229 288 1436206182925
4.981108 229 288 1436206182936
3.277397 232 287 1436206182946
2.435078 233 285 1436206182955
1.429678 234 284 1436206182966
2.436978 236 284 1436206182976
1.436978 237 284 1436206182987
2.843891 239 282 1436206182996
4.981108 239 282 1436206183006
1.436978 240 282 1436206183017
3.610886 243 280 1436206183027
4.981108 243 280 1436206183037
3.610886 246 278 1436206183048
3.709075 248 275 1436206183058
5.672318 252 271 1436206183068
5.000308 256 268 1436206183077
7.811385 262 263 1436206183088
4.511101 266 261 1436206183098
8.500746 272 255 1436206183109
5.845502 277 252 1436206183118
6.747169 283 249 1436206183129
7.216437 289 245 1436206183138
16.401248 302 235 1436206183159
8.500746 308 229 1436206183169
5.672318 312 225 1436206183179
8.686138 317 218 1436206183189
2.436978 319 218 1436206183199
3.277397 322 217 1436206183209
4.981108 322 217 1436206183423
2.827651 322 215 1436206183432
1.436978 321 215 1436206183443
3.827651 321 212 1436206183452
4.981108 321 212 1436206183463
3.827651 321 209 1436206183473
4.981108 321 209 1436206183483
1.436978 320 209 1436206183489
4.827651 320 205 1436206183503
5.362571 319 203 1436206183514
1.827651 319 202 1436206183523
1.827651 319 201 1436206183534
1.827651 319 200 1436206183544
1.827651 319 199 1436206183554
4.981108 319 199 1436206183564
1.827651 319 198 1436206183574
5.362571 318 196 1436206183585
4.981108 318 196 1436206183595
3.506406 317 195 1436206183604
4.981108 317 195 1436206183611
6.334833 314 192 1436206183625
4.981108 314 192 1436206183636
5.362571 313 190 1436206183645
6.334833 310 187 1436206183655
1.436978 309 187 1436206183666
5.362571 308 185 1436206183676
5.362571 307 183 1436206183685
2.436978 305 183 1436206183696
1.827651 305 182 1436206183723
4.981108 305 182 1436206183726
6.810717 304 179 1436206183736
2.436978 302 179 1436206183747
1.827651 302 178 1436206183756
2.827651 302 176 1436206183767
3.506406 301 175 1436206183777
1.436978 300 175 1436206183787
5.362571 299 173 1436206183797
4.981108 299 173 1436206183807
4.981108 299 173 1436206183818
3.506406 298 172 1436206183828
1.827651 298 171 1436206183837
4.981108 298 171 1436206183848
2.827651 298 169 1436206183858
3.827651 298 166 1436206183869
2.827651 298 164 1436206183878
3.827651 298 161 1436206183888
1.827651 298 160 1436206183899
4.981108 298 160 1436206183908
1.827651 298 159 1436206183919
4.981108 298 159 1436206183929
4.981108 298 159 1436206183939
4.981108 298 159 1436206184051
4.981108 298 159 1436206184061
4.981108 298 159 1436206184071
4.981108 298 159 1436206184081
4.981108 298 159 1436206184092
5.981108 298 160 1436206184102
4.981108 298 160 1436206184111
4.981108 298 160 1436206184122
4.981108 298 160 1436206184132
4.981108 298 160 1436206184142
4.981108 298 160 1436206184162
5.981108 298 161 1436206184173
5.981108 298 162 1436206184192
4.981108 298 162 1436206184213
4.981108 298 162 1436206184224
4.981108 298 162 1436206184233
4.981108 298 162 1436206184264
4.981108 298 162 1436206184274
4.981108 298 162 1436206184407
